0 0.17109375 0.43046875 0.08359375 0.24921875
0 0.28515625 0.3375 0.05078125 0.159375
0 0.10625 0.33984375 0.05625 0.15859375
0 0.2078125 0.16953125 0.0546875 0.12421875
0 0.28828125 0.1546875 0.05703125 0.14765625
0 0.3640625 0.15625 0.078125 0.15078125
0 0.440625 0.16015625 0.03984375 0.14140625
0 0.51484375 0.13515625 0.05703125 0.084375
0 0.0640625 0.16875 0.05703125 0.11328125
0 0.13828125 0.15625 0.0546875 0.14140625
0 0.6359375 0.16953125 0.04921875 0.11796875
0 0.70625 0.159375 0.04765625 0.13359375
0 0.7703125 0.14765625 0.05234375 0.1734375
0 0.8421875 0.15859375 0.059375 0.1421875
0 0.9140625 0.15078125 0.053125 0.17265625
0 0.975 0.14296875 0.05 0.1609375
0 0.7375 0.34453125 0.053125 0.1390625
0 0.8109375 0.3484375 0.05390625 0.125
0 0.92421875 0.3546875 0.05703125 0.1203125
0 0.65234375 0.32109375 0.04140625 0.13046875
0 0.73671875 0.56015625 0.13828125 0.203125
0 0.05703125 0.84609375 0.0453125 0.11953125
0 0.21328125 0.8703125 0.04921875 0.07734375