0 0.17299458400623635 0.5231911175844821 0.14520695454365712 0.2723334579295562
0 0.2592303185849609 0.4121768439513702 0.09041826866768635 0.17330609604505706
0 0.08658375121452071 0.4453614125049176 0.09510576866768639 0.17363387797604232
0 0.1410825162320544 0.25956030632040183 0.08515802434972923 0.14016581411407197
0 0.21471488514462206 0.23115643689433424 0.09337962743398434 0.1641496173323806
0 0.28863362621616834 0.21915881746826665 0.11539099512873605 0.1734917663436449
0 0.3633745275961401 0.2095595783640299 0.07600121266133195 0.15201025025210155
0 0.428263142044481 0.17196102539782282 0.07666368587597075 0.10055701089576327
0 0.023700147319486706 0.2849048777239408 0.03965460957707685 0.12605975544788164
0 0.07005695007943025 0.25849519703379287 0.09011825973923263 0.15611859604505715
0 0.5541125758918568 0.18466275721259245 0.07877165665497757 0.131916271539425
0 0.620055175729701 0.16274383456821623 0.0805796185055307 0.14608803218308672
0 0.6789665255675452 0.14033323902736214 0.09535123051823931 0.18769637797604238
0 0.7507187946422686 0.13832797863580196 0.0948330332781829 0.15800887797604232
0 0.8184966298696164 0.1321433166350874 0.09636825973923271 0.1565556386197041
0 0.8745011680190633 0.12201419980690989 0.08962733603812652 0.12799359604505717
0 0.6980552650142384 0.33986334546397945 0.08852848620028234 0.15444683540139542
0 0.7696848031636854 0.3308268350724193 0.08515802434972919 0.14016581411407197
0 0.8810353603878557 0.31754522109423333 0.0866659772718286 0.13715007475773372
0 0.6097467414752881 0.3321276190970915 0.07424779788867966 0.14096348960843982
0 0.753272419233584 0.5528439467048167 0.18684898376465037 0.24403349530842283
0 0.1703112836786295 0.943941024137315 0.07553756249917623 0.11211795172537009
0 0.32793286890597717 0.9507037484105162 0.06871481818121908 0.09219820767745475