1 0.28359375 0.3484375 0.11875 0.253125
1 0.4859375 0.35390625 0.10625 0.25703125
1 0.584375 0.3546875 0.11796875 0.25625
1 0.6875 0.35703125 0.128125 0.25546875
1 0.88828125 0.359375 0.14375 0.25390625
1 0.784375 0.36015625 0.14296875 0.25546875
1 0.3875 0.36171875 0.0984375 0.23671875
1 0.66171875 0.6390625 0.0859375 0.18828125
1 0.73984375 0.64140625 0.1046875 0.18515625
1 0.8078125 0.67734375 0.121875 0.20078125
1 0.8171875 0.08125 0.12421875 0.1625
1 0.915625 0.08203125 0.14453125 0.1640625