1 0.2652436796817418 0.35240339429596246 0.1461530062041863 0.2630331936879401
1 0.46671334453244795 0.37314827030313613 0.13387152749150974 0.265648857718385
1 0.5640418126014627 0.3818149575652856 0.14480902749150976 0.2660945266917457
1 0.6667844003486467 0.3914857293141154 0.15563726684784812 0.2649776956651064
1 0.8669100864866761 0.40904193832509483 0.17126226684784812 0.26561436562705043
1 0.7631677274521688 0.4024643330781677 0.16980902749150975 0.2671131986308559
1 0.36716681260146267 0.37379291604479226 0.12307613912390725 0.2449543557412186
1 0.6119612344895342 0.6713032218997416 0.10551729852673156 0.1943813527754692
1 0.6889225722367183 0.679923488211364 0.12415803788307009 0.19358285672980174
1 0.7534331864670057 0.7209424190477229 0.14243814431968732 0.20990819368794006
1 0.8248036220239576 0.12605834197541627 0.1413783888718057 0.1724718606841345
1 0.9205695900929725 0.13466136224137135 0.15711264951546725 0.17467103064607842