1 0.33706601269868974 0.28366683457788183 0.18616571161023057 0.28425324852966194
1 0.5342609604291043 0.3273371901866629 0.17522821161023075 0.2836800384437537
1 0.630446479666398 0.34734207372374803 0.18622027531256152 0.285815748529662
1 0.7305928126060225 0.36870473937300874 0.19564983901489227 0.28786957146044045
1 0.9102257157865818 0.41039983717987366 0.1795485684268364 0.29124023292582973
1 0.824489145545647 0.39039495364278853 0.20987603012188494 0.2932940558566083
1 0.4360317915546303 0.3160488873822723 0.16196431977759856 0.26114994120271573
1 0.6469817375557643 0.641545775103229 0.13678078130301116 0.2099216338757694
1 0.7227183475372309 0.6587089416570009 0.1540228450053421 0.21238489258219673
1 0.7815501997141491 0.7072825604947649 0.17504467313564334 0.23376192559888337
1 0.9153224435540632 0.12265417571448442 0.16592264427970277 0.1958524898232347
1 0.958750006623422 0.14515661748302697 0.08249998675315595 0.19825379353213637